>> a=31

a =

    31

>> b=sin31
Unrecognized function or variable 'sin31'.
 
Did you mean:
>> b=sin(31)

b =

   -0.4040

>> c=sinh(31)

c =

   1.4524e+13

>> a=8

a =

     8

>> b=sin(8)

b =

    0.9894

>> c=sinh(8)

c =

   1.4905e+03

>> a=9

a =

     9

>> b=sin(9)

b =

    0.4121

>> c=sinh(9)

c =

   4.0515e+03

>> a=10

a =

    10

>> b=sin(10)

b =

   -0.5440

>> c=sinh(10)

c =

   1.1013e+04

>> a=11

a =

    11

>> b=sin(11)

b =

   -1.0000

>> c=sinh(11)

c =

   2.9937e+04

>> a=9, b=sin(a), c=sinh(a)

a =

     9


b =

    0.4121


c =

   4.0515e+03

>> a=10, b=sin(a), c=sinh(a)

a =

    10


b =

   -0.5440


c =

   1.1013e+04

>> a=11, b=sin(a), c=sinh(a)

a =

    11


b =

   -1.0000


c =

   2.9937e+04

>> a=12, b=sin(a), c=sinh(a)

a =

    12


b =

   -0.5366


c =

   8.1377e+04

>> a=13, b=sin(a), c=sinh(a)

a =

    13


b =

    0.4202


c =

   2.2121e+05

>> a=14, b=sin(a), c=sinh(a)

a =

    14


b =

    0.9906


c =

   6.0130e+05
